2930
8481
25387
30268
18989
7387
6012
29963
17341
29303
25349
29594
20946
9015
22288
16091
19236
12861
5188
13996
2733
24306
11127
31577000
30485
24233
195
5218
7790
22912
25820
29823
14881
11911
22688
32482
12072
17189
12016
29116
24190
25015
191
23042
22996
27513
10088
29809000
20614
25002
12613
8144
18637
2539
1149
17525
31030
12777
9245
21770
22099
22075
19307
19601000
10416
12430
21367
19878
16136
28927
5874
18180
4281
9928
18499
16715
25718
7199
28120
14849
20284
10587
30906
12246
8071
17241
10597
17452
2245
18718
14038
5590
8971
21693
27621
14624
4871
4987
11989
28944
28214
26930
10026
3564
12118
25331
30138
5372
20255
15599
13063
5521
21806
32664
10188
20295
30018
30723
29654
3462
3242
3985
5909
23631
5118
18126
4339
31285
22798
22425
2532
11177
5400
17030
15167
21371
13118
19328
2380
29854
23350
10675
926
300
5188
28329
16291
6825
5221
26802
16761
10124
4045
1162
26371
25083
7316
29238
2365
17367
32429
4399
18380
29688
28695
26562
13018
6330
14679
10679
18208
13240
11813
4657
28740
27351
25190
5333
1382
25223
11098
10798
29686
3397
16663
15184
3272
5220
5174
28860
10090
15886
11212
26756
4021
29830
8092
6064
29090
21167
650
23263
14175
22994
20819
31282
3490
13468
14716
9317
574
11110
19592
9535
28916
11706
29550
23341
12939
5394
13898
12330
16930
1250
11347
6625
19654
3033
10253
25878
24384
27236
29632
20546
9776
8821
12840
14717
29792
13442
14190
25505
850
11728
28247
5805
8731
27633
7612
8039
18036
14732
8762
29254
13327
10332
28714
30094
11815
19579
29139
14013
26459
15585
5599
3878
9148
32039
8716
31708
16677
13457
7716
11473
6603
22092
27439
3903
29972
7924
23271
22343
31405
2906
23404
19673
23511
11395
2873
24531
9985
31988
18775
18285
31132
6956
5584
12500
1067
3443
22119
16661
5273
29394
21382
28221
6864
17763
376
29630
23431
4555
27096
26133
17755
18436
18762
10666
7202
2400
13673
20728
28284
6090
24320
9709
2474
19023
17532
25236
24484
10974
26785
23793
4965
8524
24957
10797
8074
20379
21402
31987
19227
892
11640
17177
24745
24850
14138
18051
23449
11001
19104
21828
32703
19335
18229
13575
3887
850
5834
26030
4687
24818
22050
30520
26161
26120
30191
30440
1312
32127
26621
14243
15737
10001
11438
31131
19133
31757
21670
13610
1251
29016
19143
3328
6643
31410
31328
11137
1488
29499
9633
3945
15445
28470
83
2994
14756
23308
25286
32439
27835
2964
10506
1177
12361
9105
4705
10466
17855
29309
13557
23400
1705
12421
22983
11381
16447
15316
21736
5156
27959
15124
11755
18702
16862
18738
11418
27174
15975
3682
7656
32738
15235
27236
25895
6300
9522
5125
11643
1079
22488
20968
20367
29445
21395
12422
16262
31720
14796
22900
5941
19896
18700
28645
4239
4069
19217
5743
1120
13918
10530
530
16703
19633
6815
15990
20157
31859
8668
1908
28899
21218
19247
23512
32732
2505
25160
11621
26606
22436
4545
21018
26031
2821
8438
6836
21109
30006
17431
12916
5390
26656
12924
11298
2737
19307
30520
24658
31797
3303
12272
230
29569
28715
11758
1492
1348
380
11633
22314
25318
12272
5959
22607
18622
21202
158
14475
7301
7753
23832
11465
20490
19253
5917
30364
23592
30298
629
23681
26613
31424
23830
30564
28733
19289
21050
31077
815
4069
13237
20955
25685
2323
23942
21145
11466
32745
30636
14961
15271
17509
2619
18679
2750
32613
6062
16263
15243
23492
12671
29578
28775
19142
15093
22004
17919
26550
20030
5137
261
16077
30653
13698
17445
31574
15269
23427
25147
16656
6599
1391
8387
13524
936
32389
32400
30839
30935
22764
21186
7666
15741
6645
22514
21952
24374
31649
30639
23688
31775
26467
27182
27644
49
3622
32317
13057
19661
16786
7545
6416
32407
29323
24769
20700
17800
30971
18666
32309
831
2258
28596
29484
9112
30795
17661
18552
25472
15216
11317
21784
31240
14560
3602
18746
22456
23504
12933
28764
28709
1872
30444
24241
16837
20175
13449
3526
4099
6114
27443
11365
911
2369
1099
9658
9464
27410
16882
9140
25980
23659
11897
4270
10783
530
8217
23631
3322
4743
9445
1966
18646
25412
27388
15546
761
23363
30979
29914
26432
28353
19155
29392
19054
2114
9838
5091
18116
725
15672
15421
1746
6553
28004
25234
12940
28800
14252
32514
12960
6739
15685
24897
15879
16374
23058
12789
26074
19694
12056
9055
4968
17696
12594
5438
11397
10203
4101
12272
21029
1049
2359
15067
27945
8706
31708
12811
32120
26034
20529
24348
24402
20284
1933
31067
31457
15343
2196
4392
4625
19672
31662
19103
8354
5767
19384
11127
636
32278
7929
41
21570
26472
23639
7253
16937
6319
4298
31330
14603
30513
18706
32358
11703
331
13221
24645
28300
10678
7916
284
13126
30729
10158
12256
24343
4735
11213
8514
10490
5371
21808
7894
7748
22857
20736
12661
13179
5287
1815
19168
22380
28292
26037
12965
15480
29831
5493
14919
19503
4051
10624
31897
31008
24458
8193
11371
25326
7311
18137
13928
167
27281
22675
14911
17746
14917
26010
7937
29383
8434
23977
18122
3780
18739
19844
9636
11836
24825
9446
16296
2802
10447
6330
21095
5959
2146
30093
11656
1104
19520
30276
32434
28204
28896
29450
5292
8853
7907
31885
24002
13748
15513
14186
9579
22842
14535
3045
21802
10668
29351
32222
15538
26110
25393
16641
9549
17764
27545
23868
13438
24421
27929
30582
25061
23089
3568
4734
1124
21300
20395
23617
14976
13803
23203
23361
12810
29943
8903
4162
4862
22896
18843
24646
4523
23675
24961
23228
27668
16159
30264
12277
22167
21588
32418
27607
7116
12637
7114
18645
29616
14424
18725
12063
22019
12564
25112
13333
19438
25634
8379
11778
1257
27695
31197
12295
13020
12689
31304
597
29060
17439
2373
27295
15641
1862
13411
22736
15406
25689
26741
19449
24792
30505
15322
909
9490
26838
11777
20688
26208
27876
43
7309
9395
5265
2931
29959
10381
27750
14348
14387
21605
6157
31179
11812
9549
24674
30181
10183
9938
26572
13817
30160
24100
30926
3153
19444
28791
8921
3429
25689
2216
6501
17056
30539
16420
2368
31335
23344
3846
22565
22872
24766
1919
656
4303
16235
24699
3025
24239
9765
4993
13407
14943
17476
4571
27248
21266
24253
21752
10438
17228
17816
19982
14284
7586
15780
30979
1249
14017
12905
5774
1012
20657
17502
20890
20305
2907
1884
21483
31162
15945
1363
3587
18106
8110
22844
13895
15670
23718
30286
17246
18501
1726
28533
26074
23106
31415
21248
17690
17951
9351
28313
878
17147
17569
3963
19837
19959
6774
4831
30948
24134
6204
23223
30240
8068
1006
31391
6574
9801
10644
12561
112
21245
708
216
4947
22254
30569
32455
28207
3999
7107
10154
11759
11364
4015
21117
27121
21035
25385
4828
23728
12701
9231
8123
32672
17254
31015
4695
7769
7888
28260
4460
9464
7831
22117
15529
11714
18425
25919
27745
4619
10252
26748
6531
599
6996
16484
460
27070
13205
32379
23611
8341
12262
19786
12742
12874
15111
1378
11851
14992
25588
5023
32201
7612
1210
5290
2512
8303
2954
18881
11062
8822
23052
19131
9228
238
12021
6470
30160
25516
19932
31092
26596
31196
22858
13174
21055
27111
4880
8871
99
30875
30429
13772
16527
11142
25359
17561
29493
27298
17354
24184
11950
25912
29767
30343
19245
15870
19055
4319
27378
17026
169
21788
21184
12748
29168
10778
9872
22079
23592
16124
24199
30401
7346
9587
2086
25372
6974
24893
10177
8099
22240
4331
20018
29720
18791
5096
14030
25037
5354
20919
408
17674
12195
1660
23989
9647
512
14526
14368
31514
11000
15467
17055
26443
24220
26396
26358
11590
4846
22939
31322
26297
28405
675
17704
15583
12305
16102
13015
10404
31117
14932
15916
32266
17011
30363
28076
18123
21924
6890
29783
12352
6183
28923
19091
4225
2498
13136
21351
18126
13255
4285
25065
31534
31281
2342
13050
341
751
1930
12080
25291
10112
23872
2324
21579
9408
641
2958
6762
32002
16423
11421
8569
16478
9908
14411
19627
12109
30358
10209
16507
27507
23978
31063
11336
10939
11774
6926
22338
8361
29147
16322
29834
4588
259
11962
661
17971
31543
25665
14802
19522
19452
5722
20108
17477
7071
29104
2577
9316
20855
8908
32532
11159
2922
32650
23888
30396
11954
25806
10350
27623
30177
7283
22057
28665
8227
24452
6064
6772
9668
18607
21067
23437
5618
19190
2882
18563
451
168
19195
560
6266
26256
15202
27102
22790
22380
1421
6235
31947
23457
12961
19280
32677
8492
5103
15566
26922
12252
30307
6442
15152
11710
9503
1803
10640
18393
32611
30145
32553
4892
9648
9688
21543
31125
557
8173
31109
2020
12361
3521
15824
12014
1954
10636
28462
19926
20006
14228
16032
6185
21879
15869
26756
11352
1940
28387
18014
28268
9911
30886
11735
31477
17529
12421
16646
17987
13372
19311
5103
15321
31946
6421
19273
29215
3386
30020
6277
18007
14612
25458
14091
29906
16309
2199
20167
356
25332
30526
24548
1045
20741
475
7127
11801
26014
1887
20384
6915
1625
28170
17228
16949
7770
16512
12991
7323
32049
8480
17328
21145
7425
1937
7413
1601
5090
31901
769
3530
13445
18499
7595
12861
8727
17927
19249
18034
23399
21389
9340
10811
330
3430
5797
3551
23615
20010
13753
2506
25935
9159
11449
24194
22071
12056
28389
28893
1225
8634
3642
22130
3472
19995
23354
1613
4531
32211
12779
487
3099
568
6178
2645
472
13100
4353
13759
4545
20538
18879
30996
10075
30690
935
31228
21757
10544
24420
15630
6449
916
28027
1092
4956
14573
10265
29099
27554
26087
14863
16991
29188
17543
14107
13751
14539
27908
10601
29885
11818
6361
6233
3553
31007
7192
27779
22766
7578
2305
21753
22332
11233
12755
4555
25640
32563
31970
18385
18881
20395
16106
16804
3524
7016
4003
16878
2763
10987
19605
19172
10689
13504
15918
32528
20377
25697
4882
32596
21311
18519
9650
27180
4047
27554
16416
24627
26374
7771
21026
12777
18422
12696
19845
6835
3581
10896
7347
11555
19447
12544
26504
21626
22451
15565
6754
3947
10660
18154
25463
18466
25817
380
6764
28037
6959
23356
17955
12730
8646
21021
13524
4585
2481
22832
23135
2883
4338
21956
26848
8515
8101
30673
22404
6451
9595
29079
19356
3827
27498
21122
6128
18166
11683
2385
18006
24973
4549
20855
24451
21352
19792
4033
25888
18265
4188
25146
12833
19804
2187
26444
13650
31445
4156
39
14898
24600
24065
4711
13317
30510
18516
3312
16165
28631
29061
13341
19609
31947
28663
31003
11240
1605
18060
24719
26415
26050
16734
15487
9586
3846
2736
15727
1840
19041
3108
7882
12602
25648
28718
29316
31173
30118
22472
20478
27581
10957
6247
27178
5212
10695
5678
20719
20220
32602
3682
25039
809
13484
26143
11207
2299
29258
20809
19062
10146
21615
26052
31874
25155
21636
28392
31032
1795
27619
5423
18802
13409
21472
11825
10174
18632
1802
18643
11196
28772
26542
18875
17608
17718
12189
11271
18393
13667
3375
14910
5289
9170
4488
21382
5655
30453
21530
4376
8649
2535
28523
24562
31509
13240
15129
25291
32034
22789
26395
12364
12362
15307
23625
16765
20163
32124
1567
9342
31871
1875
27070
18295
13904
19685
11827
28625
15440
7418
31228
12711
31616
29850
18888
31607
15023
2155
9343
2590
3742
30778
20610
22787
22881
24791
28212
25234
22792
16422
7097
17644
2431
24435
1534
7900
23987
14342
2809
14606
5110
1527
20786
20347
10661
32068
30850
3880
12808
21793
18458
7184
5241
7567
32200
13150
30153
4912
8822
15840
20703
25946
2036
26297
674
8810
21495
2646
19738
15963
15457
4515
5585
26519
22722
3454
25472
7692
11551
9836
24295
16515
20979
13450
23293
1069
23924
5063
10313
2687
29207
2129
14224
2368
5718
18253
20400
14561
14769
30667
23244
32012
2803
16377
3753
31615
950
12950
29784
5403
19753
12458
4886
30008
25105
4981
17008
11068
4622
12965
26539
620
18976
6860
8802
3074
18025
2064
11377
3967
4405
31013
28946
21826
29495
28280
8006
32602
14613
10669
15223
25753
29224
332
29787
8681
3197
7351
16155
21987
29215
11360
32437
15006
2968
29240
15007
4549
19381
11883
10413
5869
10378
17482
3636
27685
9654
11144
15472
13518
21480
426
11299
21165
27042
20409
31871
31038
22845
22586
22854
2891
2094
352
3120
30398
2951
12159
15757
692
3521
9156
10283
17362
16824
13092
17530
10972
1783
27026
12014
24963
9014
28021
19877
27007
13601
14169
31050
12766
17499
29156
11577
5788
4803
5644
739
32371
4854
6024
31860
2804
10261
13700
25268
3799
4808
17305
14891
16016
12162
32508
5001
20259
27143
17398
15173
30520
2604
14228
3203
1650
15838
14751
27451
1789
1126
13006
10648
7526
24299
4923
23710
6832
27193
5396
25616
29860
17857
6035
10641
6248
27616
9776
23305
19283
24420
21
9290
3584
21068
13266
11252
13729
10703
9042
22421
12182
928
1037
6933
9023
8305
12160
22354
26126
22454
22490
3079
30176
30891
29945
24818
28045
15512
32148
18998
10173
11859
16570
19454
1022
11015
29563
8547
532
24629
18149
19088
10128
27384
6706
17955
25509
31885
7487
31191
25910
10258
30528
3680
5939
15758
17843
17047
14118
22066
1938
31191
14857
30175
18637
2471
29531
26088
8695
2713
12915
11544
24639
12402
18963
18679
27043
28042
13888
3145
12640
25974
21585
18136
20653
29413
24903
6771
6056
17608
12892
8503
10897
22198
23519
18701
32566
18574
14910
2164
20142
22878
4453
20609
20298
2435
13894
24611
19145
10258
30393
23724
25803
20343
13191
21389
9609
5468
24769
2401
7362
29133
24663
14894
12537
8601
27365
12007
28381
2043
31440
19509
27913
21369
28050
32374
6125
27149
20306
9991
31244
24707
1208
28350
21609
290
18175
8635
6971
9614
9804
30817
10984
26605
1598
29087
18737
28489
18630
8820
18090
23349
6969
7858
21614
4788
6563
24322
25104
31318
15455
18472
6101
21924
17380
14216
16672
22462
5858
14569
15149
10051
18062
18810
15362
22897
11577
19474
1443
10382
23336
4796
22918
27014
17824
8563
16454
1237
27712
3626
31131
30375
26772
8720
10378
6718
7142
8209
4057
17557
28503
21664
29382
29251
23087
21172
28153
3233
8818
528
23734
2607
2996
25288
7767
28212
26669
10753
20474
27557
16400
7160
20087
12104
793
18246
5269
5401
30821
1378
18813
19693
24711
25703
4974
12885
32216
24087
691
23493
30478
32
10450
9462
18449
27039
12295
14472
13578
16867
1776
23788
29628
3187
29834
2177
32535
32338
10332
253
18698
14465
6898
2575
16026
3014
21133
26435
21041
10668
24601
13605
56
26315
10335
23977
487
29257
19836
11210
8796
9889
19602
17010
27115
22435
9149
31386
5046
16829
5193
27826
381
32376
21794
10563
8631
8773
18827
25811
31713
26490
4115
6921
22294
2712
32197
27921
12000
15311
22944
16194
27214
18884
27719
23038
2374
27025
14329
4570
15389
16397
27842
15103
6501
4175
27891
27601
26118
13165
30161
21198
9105
15753
16522
9144
22736
29711
12141
24566
18594
31032
23385
32312
2821
20691
5494
13658
15477
8772
12580
28299
14197
23501
10801
8878
3179
6924
31567
9984
11184
32453
14533
11515
30184
17890
17252
31099
9871
24504
10173
5920
19669
20876
32145
2035
18092
5462
23433
14924
29215
21956
13095
17651
2277
11138
10493
11909
23094
16313
15645
17433
22237
30678
22480
17188
9103
3724
3723
23194
9595
15900
13598
18262
15650
24532
3887
4028
9065
9429
13799
8861
7404
19482
1515
23898
30614
31158
10638
15693
1647
4957
4933
16484
4020
17958
31835
14607
24877
6543
15333
6493
32443
13250
2553
31074
7985
13079
795
23771
27492
16601
32760
31765
13190
16717
5463
5130
3759
17648
20556
461
6333
7937
686
11561
16990
17727
13260
1669
26475
23796
2396
7179
8056
6450
15540
2570
31913
20061
28733
19096
11463
24297
31012
10363
12434
25957
29010
22858
7513
16313
9631
719
7369
24492
13378
12208
7939
1193
28556
30542
29425
17090
22743
23790
14553
31477
18361
10775
25394
10414
4477
18490
14775
10382
17619
23961
4795
23659
19910
12641
14012
20632
5615
6937
8762
18022
29928
320
6601
18410
1284
11058
17510
10497
12349
27212
16391
6546
2414
24144
25718
11539
17859
22795
10334
31567
27245
9525
23718
15974
666
13464
12799
4629
29092
31093
15545
14391
13704
28451
27355
1676
11675
5625
8306
25018
14712
26222
28201
27025
17469
32639
5658
14995
4087
5201
21220
26804
21850
23832
5374
5982
2998
3895
10827
21176
27942
8361
1006
3624
2827
23199
3679
27671
1720
32618
20414
13044
17007
1948
16488
4987
7821
14954
4553
9271
5889
9557
22385
13893
21762
14090
18025
26460
2306
390
32455
5386
8413
26493
4992
5440
11863
14589
17534
22545
4549
847
7922
22199
15626
6174
30700
29655
8901
4058
29993
12550
9673
19295
6187
23947
7374
14546
32655
8806
15974
24524
21148
3986
2354
30907
2840
3720
31829
4997
4447
24068
13353
4462
24246
31499
16177
30267
6620
6957
16207
21655
25058
7176
11063
22967
15165
3085
17444
15418
21274
12423
5066
4691
3313
11480
1675
21289
3677
12038
30189
1918
15659
17783
14156
28047
25520
16889
716
5180
28512
19974
18066
12649
32157
5189
14900
14244
10957
9043
18029
28424
22447
28100
5398
5473
22767
2917
23889
18833
17656
8132
16392
17970
21513
2547
18582
12156
1675
16776
26051
30825
1442
1256
28406
8984
29186
15558
2470
24687
5380
14566
786
21253
10232
10791
29234
31039
9661
32192
13805
697
23184
32202
9100
5351
9762
23295
31087
17148
9197
961
27134
15626
11719
27742
21219
31339
27832
11410
29815
25441
27657
5709
15737
15865
25245
10679
32518
25141
9861
2673
7365
31081
32462
23070
3427
19686
18333
7203
16191
26582
7295
1706
13670
4199
31994
25837
28865
23596
8040
28337
31117
25536
26117
14608
7436
22956
10822
9340
13178
2186
21100
27649
579
31851
25946
14794
3699
23415
4259
25831
29550
12755
21736
15438
4577
13512
19553
799
11000
16673
16313
556
15314
6356
32031
21176
11570
9189
9626
18047
11127
14472
25756
4343
15054
11910
17883
5590
23462
16865
7516
212
21348
2235
13776
2738
27992
116
14628
3963
18416
30227
1876
23050
556
19943
28544
18636
23890
28270
32577
12231
9955
21109
23613
7131
32461
1665
23545
23368
19938
5486
19951
28529
137
10326
11233
19424
22964
23988
9324
1673
29202
7113
13280
23891
14213
25151
16207
13524
214
24333
26084
29788
2472
19098
31862
25398
27306
20261
26461
27434
25105
32612
18053
25670
70
8299
10177
19935
3291
19152
13153
6354
14276
9997
1798
26383
27332
18725
12981
25689
20261
28555
3115
7239
23468
10559
19568
29071
32460
10042
11183
6787
14618
15628
28485
18140
15361
21700
7704
21175
24759
23056
20266
10973
2927
24741
18030
17991
20177
2529
21466
22754
25511
28079
10429
9103
18649
2732
5971
1390
8091
392
28822
12892
6117
8110
29784
12986
291
32039
1935
4209
21295
12731
9456
21810
17276
25946
15295
15875
14996
16315
28901
18423
15812
31555
30275
31292
8469
7976
27718
4443
5503
9430
443
28604
26458
3218
17893
30569
277
9565
24781
12563
1578
3099
9690
25690
6737
9716
13473
1353
10485
6651
7166
6944
16612
3597
13156
1111
22602
11004
7793
15327
3296
11245
11974
939
13409
31999
6165
6255
20798
11566
10875
21160
16274
14198
1809
22748
11864
26427
702
18211
14556
23528
11087
28646
13423
28631
8905
6631
1631
1649
17661
24449
5670
1430
19294
4914
12258
32319
25360
19798
27397
18529
26945
1845
26958
5653
16828
26432
504
16887
31675
8856
11569
23755
14589
6096
17357
15975
2841
1780
26428
7629
15122
2762
9657
29847
12075
14167
11973
12696
25341
421
11220
32448
9670
21700
4422
7744
4868
30735
31640
8943
31043
10928
27868
2028
9011
6247
32358
27525
14077
2951
23241
29016
8151
65
5122
4024
13783
32036
10738
19539
6148
21733
21778
11281
27827
13660
26978
23103
31761
10192
26018
19180
22780
26228
709
23699
3095
11057
22435
15611
29981
23462
25838
5468
22133
13934
7527
16835
16135
26017
15953
6071
17999
6813
3110
29
20143
5894
18314
26713
16906
18187
28285
20150
31886
20715
7636
28168
22993
15800
9962
19600
6176
8028
11667
12831
1556
22489
25169
18814
11877
26069
11467
28942
30211
23125
23162
32428
24675
23497
9638
31447
28183
23113
10385
5909
18850
22814
4338
25490
13962
29060
10148
2059
30383
29358
160
1002
6618
17163
26409
14771
27545
26312
23110
18846
29515
20374
11637
32646
14967
22957
8606
22529
19810
6672
2630
24785
10720
25107
21253
30843
4202
7195
31034
12597
27505
26022
19965
23301
16626
2699
5205
31016
25163
17794
20395
9905
20045
27110
22143
11890
31122
23226
32090
23071
28944
29419
28164
15537
2799
17108
32502
31753
6552
18183
7954
24022
21775
31819
10642
7096
28290
29921
13887
17062
546
21260
14819
8589
23345
19664
2816
2873
15964
7417
7874
28537
11852
1375
4659
3966
24184
18025
21422
20869
18493
12240
150
30646
5680
11941
19271
15947
22963
31894
32077
9460
16070
21613
27093
26490
12832
20441
25696
27043
11647
21105
4031
6743
7740
9718
6459
4608
6690
11224
13332
28727
22144
18428
26925
15516
5501
26813
3845
20229
32172
20529
32233
732
4064
685
21608
14786
12098
32395
24584
29048
28576
8490
32311
28928
7688
23863
2436
20735
14230
9771
9999
25446
17034
13589
2110
15953
15773
2714
29874
28208
6550
21050
12410
4900
28952
2773
4742
28076
29374
6253
24414
7808
12650
9005
15380
7613
20185
26538
19830
11587
13435
23658
22409
19035
20098
20643
28979
25246
32057
26692
8248
20498
12440
6457
29032
24725
25109
3563
24854
27775
24764
4359
10187
16515
9090
26241
16188
24278
5591
13784
13178
23443
4730
27035
5225
22623
145
10284
7027
25417
18169
18884
22909
15603
2523
28599
282
18935
26240
8442
8447
13188
8550
4066
25272
31560
31379
27950
8601
1683
7209
27720
28150
25785
22331
23752
20631
21688
8927
32058
25190
19994
4484
27425
3179
4381
12422
21564
1018
530
1536
19719
22315
21507
8418
28805
7563
18072
28483
11581
8465
31547
20216
25474
4948
9595
3173
14584
8954
6830
17299
17748
1396
1243
22403
31843
18665
15575
29634
31054
623
4013
19518
3868
11393
29507
3928
17016
18862
28219
15930
4277
8078
14104
24427
10255
7674
20130
16288
30004
18044
6539
13526
10755
10245
15698
6045
8595
17118
17512
26295
17783
26849
19858
18657
22592
28137
19086
24817
18756
15495
4601
10273
30110
8951
18544
17067
31350
27730
25846
662
31875
6660
21653
3279
2253
20865
328
21627
29368
21044
16409
24716
21310
1976
27271
3986
3452
3147
10026
19924
31856
12160
9626
29088
11777
21812
20876
12767
20287
16578
16702
27372
11757
8315
25366
9639
29501
27984
11910
5317
31706
29394
23602
31850
28971
4957
26965
14329
2007
7311
27232
21035
1924
16383
28901
25438
32741
1068
2228
10800
20211
16820
4164
4685
23674
199
28756
7557
11992
19162
30417
25378
15617
17568
22779
6520
8647
9270
8388
23997
5209
22430
2424
11803
18953
28526
4003
18948
9554
8649
14384
27846
22041
31119
21198
5727
20275
1489
15256
22162
13608
7560
24564
20026
10806
2950
2747
23263
7065
13996
15259
8327
29706
6750
3514
26062
22406
9012
29084
30265
19536
17394
15943
32456
30009
22203
23973
6346
16671
7809
6185
30453
13236
31936
17333
26806
11136
12140
22972
10182
18730
11048
14500
9214
23539
26040
5230
16748
30595
9401
23192
15526
5864
9359
3394
10590
28892
11168
22929
16183
24902
24000
27985
26839
3076
25579
20446
18750
7400
15418
16964
11094
18688
17936
27301
4043
29979
24212
20187
19740
9608
8549
25183
30195
6945
8585
11113
31154
16777
11942
17241
13134
21169
31348
13910
23136
21409
12914
1589
2681
20085
25048
21660
21686
28069
12237
30823
3989
23690
19931
586
22791
4382
10912
29880
32455
25348
15558
13060
16617
5064
31285
27591
8886
11367
20358
641
15799
21522
11195
15491
19216
1071
29742
13580
22288
15777
29896
23730
21253
9033
8307
2051
31061
7628
13778
20845
14282
27799
7215
21083
5166
18465
3253
30625
16152
31088
23519
29978
18693
2783
30512
7311
11690
30238
27429
7131
10633
29562
1384
26189
3523
20063
26438
19790
1581
25371
7267
3140
1445
10724
2476
19382
19623
29469
18574
24496
15899
14549
16997
17769
30321
10641
8248
9251
22768
20555
25251
21843
1867
32186
13844
14338
30582
22228
22331
21363
7095
11410
7099
3334
20736
243
29478
30044
1916
23875
29736
28860
22888
23965
18946
16053
1060
5551
5690
9477
30602
12989
6801
16826
28542
32488
16182
18583
19398
10673
18745
12217
6685
31161
21826
3963
1666
19402
27267
14742
9686
795
14827
19341
20134
20176
23965
16456
29766
26817
11424
17662
14367
12668
30424
21849
9545
19853
15669
25301
19037
10237
14890
2922
9604
32280
20065
9066
5844
22643
9645
5804
19677
5422
10304
25834
24446
26487
3102
15720
3326
28751
6865
32214
19799
21649
32606
6264
12245
29744
12409
9604
14048
9920
19189
9164
9750
8504
28798
11420
30366
26870
32394
7910
26040
30723
12685
1436
20888
30361
2156
15710
22644
11746
31797
7509
28124
6147
24589
10079
23114
12633
32106
876
22778
28418
16514
18984
18427
32416
2307
25306
7815
13145
29444
30859
7568
17443
11323
19052
28315
16190
10609
23410
9425
22273
20532
17731
21587
27610
26828
12885
13263
30609
27760
17236
31825
15820
953
25541
31579
26072
18774
20970
2871
24998
9474
24037
25996
17940
21171
9247
1072
30830
27156
18155
1085
21813
31286
27495
16231
13343
3458
32163
3980
27998
10739
6
28813
17445
8578
27117
29789
23145
18145
22932
15703
4581
23147
7482
29397
32352
17244
22400
25598
19762
26941
17171
19679
17925
16803
22922
29118
18649
26137
24978
1194
27979
18011
10312
2391
10006
19141
27110
11049
5082
31498
11682
14735
22044
32041
6355
16018
8590
157
32086
25518
23697
27092
10032
6368
31481
20963
11636
12800
30224
11896
19048
28241
1501
13840
32483
7767
32678
21610
1273
23528
32179
17211
21978
2182
13397
6947
18168
1516
6183
28896
616
23783
14740
21186
24203
18023
31129
14942
22765
19158
31692
18055
14445
27560
31134
20858
6815
2868
23261
14169
28782
1730
14205
24795
11782
14053
9879
26177
12785
18955
32434
24204
10111
11602
27458
12013
26732
30621
31598
28285
8637
2792
3606
12846
16363
24536
16149
21761
26179
12182
14787
4218
30093
28638
5310
31058
26092
21843
6891
13419
30725
20502
9655
30729
355
13974
27811
11582
22554
4778
28159
17830
8619
17629
21749
6485
2344
29192
202
24846
8345
28455
4449
8373
29085
8037
7425
5639
341
30841
29527
32649
19325
8501
4543
20414
30940
24156
11455
8349
21727
16821
29396
31554
18049
20317
27762
18404
20589
3425
7494
31239
23655
12684
19134
19699
21992
24958
3019
9316
22536
14590
1510
25987
29345
2706
31569
23573
19122
3660
3743
32755
6657
29414
24438
11962
20997
1298
25748
11715
26114
24843
10000
2134
118
25200
17122
7706
10164
18002
20646
30160
5583
13196
7325
10305
18361
7506
20213
30581
1964
13325
26954
26150
30409
22630
15724
25460
23040
17569
16739
24283
11823
24621
25776
22625
18318
29049
19158
16660
74
8713
3865
16307
14960
2248
30086
11692
14605
11936
11571
24646
5268
16712
1992
4640
20095
26717
19006
218
18489
28853
31463
4882
8508
16880
20655
6802
16502
21071
10145
1735
3314
3274
7853
7030
6580
23900
17064
32682
18661
22434
27284
14577
10800
11172
10530
26311
6251
23795
30581
21075
23162
28660
32041
9809
19312
379
6548
25424
19960
31899
4683
25629
3828
25277
2792
1663
23395
23024
10763
19492
3464
30080
3999
2012
21833
27850
95
27397
24533
13390
27288
1862
8841
11526
10288
6273
19733
24055
8679
11010
9946
27653
14301
29181
23447
17419
4949
25143
31557
11051
17848
25859
12607
10595
22749
14192
30374
609
13447
18881
17412
12441
32047
13085
1583
5780
20484
3464
23153
23179
49
19986
21989
8244
14686
27982
23588
5340
11129
29702
18721
438
9142
16429
29266
22643
14036
5653
17169
28178
24739
20963
30785
22522
15555
19775
16180
8006
15534
19792
15308
15968
32504
3303
14817
7377
11222
14074
3555
32087
31454
25941
26817
4664
17933
30604
8969
11223
19982
22068
17232
13701
5049
30290
17364
29849
27355
12564
23392
15811
10805
17343
19824
5277
7367
3049
1430
27011
6222
21480
540
27045
23819
17290
20971
5466
8902
18695
10667
4280
30483
3635
21548
25185
20692
19960
517
5279
31999
7684
15483
27828
18593
191
32676
11371
3107
21376
16332
4595
31692
27904
24087
2541
24968
15
20584
18372
9192
5765
130
14397
15977
14460
9837
591
3833
5052
8732
2612
7351
14199
6220
10944
15355
14391
22191
6386
13206
20500
17226
9673
18267
20266
23323
21080
19422
28746
1024
27165
10107
26096
13780
6031
25754
13173
16091
9974
14642
9862
10080
27519
10124
1237
30876
31376
7242
16910
27354
12633
11687
21005
16089
14508
24576
27470
18034
31502
5012
19877
24698
16654
32648
24879
27626
26581
24110
16776
30269
26111
11910
2366
10522
4777
12037
29062
15155
25291
30102
6702
26733
4297
18655
3539
13633
25156
7877
22100
354
54
25650
13702
11680
5438
29205
22058
22796
9784
21419
2332
31069
22801
16894
25293
21138
7641
30891
19698
4569
28186
18407
24702
4016
5737
1988
7118
32074
15930
20657
18724
308
8697
7488
10583
1848
13142
14637
14025
18306
5088
8603
5272
18689
7637
15008
32281
25360
28472
32260
19074
598
11045
1862
22758
13546
25954
8416
30823
16827
27702
14028
8359
20272
25726
21063
3711
23819
27645
725
6388
5523
13812
22661
21094
14834
22002
21366
18955
11740
11502
27802
412
26225
11411
7098
27470
16485
25819
32443
1028
350
4063
1567
24003
2205
4078
19151
11878
29409
5084
28951
13971
13704
21916
15602
5357
29944
10001
15240
22923
6717
16674
9717
28074
27635
2317
24908
9118
11879
16381
16347
783
3833
20702
26545
9569
24261
12400
606
13940
24706
922
6650
28046
11689
2
18281
4757
30426
15066
5596
25474
9085
23037
16283
28178
5285
23354
10243
12734
3897
26095
14026
7662
4437
23258
30859
16490
5870
5677
10366
14353
4533
6112
1926
16333
6206
1611
9330
26054
4194
16116
31100
17110
22754
27046
790
17982
13900
16835
13287
27031
1827
2522
27152
24843
826
23932
18867
7108
2657
21836
8374
10405
17987
12630
14276
21304
9103
32162
13461
3304
26198
25864
29040
30321
23989
9797
28142
7572
31411
24399
15616
17167
20076
8934
5171
15564
13168
3180
24627
18521
9830
17910
654
24984
4597
13475
7355
29112
4580
16173
3163
27235
29055
25277
31934
8505
26941
2564
12713
32638
24481
23175
28503
23055
12638
27706
9149
1435
17598
8017
13587
31503
27716
1107
6543
8274
23697
2672
7284
2355
14724
26644
29771
17568
32421
29116
3696
2584
18116
21257
13265
23394
14045
24082
27379
28288
4159
25855
15158
29663
11757
20948
13657
3280
28997
28810
25920
1596
25055
8036
4341
11154
1208
22912
26862
17925
11920
20397
3470
7157
21904
892
3565
1194
9776
6298
17372
25672
24408
20572
12580
9215
14789
25500
16911
31363
24239
11972
6442
6332
12713
25640
18504
3774
29128
14489
6858
31995
30215
15926
21790
26039
2282
24966
3462
12989
10082
15556
539
17233
9969
13690
4113
5733
1806
6226
12348
25872
29131
10024
7379
16699
12213
19811
1141
3230
4860
28294
28265
23531
7636
770
13354
6728
26650
30543
13347
259
2107
314
8631
14209
850
24449
5764
12152
2192
14237
18665
4446
31713
1503
3013
19746
5068
21438
31618
8985
3739
10352
31827
14651
17085
26551
28089
4239
3688
4862
14156
28388
27267
8356
4792
4290
9410
23960
14086
14240
1299
3366
18717
26711
25145
15120
13704
28119
27062
29665
22393
29721
7919
22398
4366
20309
21899
14846
14548
17268
11036
18107
138
24520
17409
22953
14631
17147
20363
743
6174
23365
5982
26772
25056
30434
7706
31460
7586
14532
4411
11891
13921
17797
4670
12505
11556
15519
6918
19326
16514
20959
381
26800
11619
6935
24190
28402
27915
26132
23539
26263
5204
10959
11834
7568
14394
28135
15566
15747
31645
10063
15907
2077
10819
324
19153
11688
1309
899
11253
29152
9163
32440
26836
4866
3937
19513
22466
10023
31340
13812
13891
25552
14896
6823
3183
962
25908
8783
24475
16148
15105
5858
30773
2438
14630
13632
16112
2836
383
2663
29985
1739
30135
12519
19561
9180
11276
663
8597
19695
8530
4741
24258
6585
19515
819
18629
30417
30165
3328
15306
32703
31572
18660
6970
16214
23826
4960
30947
19013
16084
7093
14163
26600
15695
29525
11140
15716
15595
12695
447
12018
5574
32686
27066
27515
16636
8412
19972
22118
27430
19171
6818
17326
4128
25277
22267
14903
1040
29068
5873
12386
3491
26068
1873
30431
30106
29928
6509
17858
12166
12450
4615
8153
32719
9559
32625
61
17147
5130
23283
1576
14893
7392
22893
4870
236
28116
12093
3791
4134
18860
19299
18067
29301
31532
19939
6487
3488
2185
15723
26399
9573
15137
16438
30284
31606
20328
23600
17192
12481
24870
603
28096
19444
26592
26993
14834
2369
22419
31691
21958
22367
14761
23681
23042
9681
21029
18387
14584
26730
9505
21192
4003
29713
28794
19988
3314
6338
28106
20543
25444
7381
28822
11012
30933
32131
13513
20472
18584
6310
29025
26732
11205
9152
873
9363
31700
5183
17703
1512
17259
23807
26006
10442
29045
9489
21527
20841
17012
23483
5219
16358
21528
19903
3780
4022
5904
8160
12421
9800
4896
21155
28838
29927
12660
13139
3285
4577
308
24135
4762
27881
10840
13928
2258
8890
702
30189
19806
13309
31097
15465
31516
9069
19565
15880
27670
16185
15385
30741
11258
6569
12723
3776
28363
29957
2938
14367
24533
9907
840
22642
23782
13727
25446
13227
29115
14304
32165
22574
10169
13208
6314
9941
32222
1819
18314
7223
7414
7252
24471
16170
7186
27493
121
22662
26934
4238
25216
22572
10834
31056
24376
2887
10867
27858
26686
2002
10043
29571
24659
29019
4751
25089
2735
31494
7311
2874
1175
19156
6603
24017
32050
8741
6579
28867
8089
28540
16720
17226
25389
11651
15922
13313
13869
13135
26026
29513
13960
23012
21561
29932
27887
6908
8519
9473
15919
3332
31512
25616
1726
24680
16125
3702
5267
16912
25031
4874
29499
18219
15489
23808
15914
17963
4447
5390
27983
16656
23793
32206
20459
17642
18332
28516
10658
25241
19275
13920
9683
9432
24930
23014
5413
10106
19700
3340
10594
13298
21813
20355
9097
1817
1074
378
10270
9260
15807
28351
11717
22804
17073
5415
14863
22507
29774
10801
24724
2491
27650
9190
14402
32393
15188
18691
15092
7826
26647
3162
17222
212
30949
14198
7336
2768
9673
10366
22962
15759
316
10075
25784
21475
11603
5661
32413
5615
28982
155
8172
1513
17108
20314
28708
18975
6357
8625
18260
30776
6352
4906
28136
9661
30143
28714
3779
25048
4784
7637
3982
31835
15805
14636
17231
15875
5949
12664
11069
30207
31036
25068
14803
172
29481
28294
19491
11171
11727
26678
19821
6901
19335
31810
14576
5045
6315
13033
28160
20407
8269
327
2649
16024
31017
12920
16051
22526
24281
27648
20886
25377
27464
20842
17520
22411
1129
2864
20197
15132
21033
13531
9318
8528
20642
30315
14341
12229
21137
19705
29319
19447
2058
18075
3771
22094
23914
13704
4107
5724
18062
7805
1873
15455
19010
26207
6636
7182
25084
801
32530
1170
459
13288
26471
22994
23690
1133
719
21235
14425
8099
6273
543
26446
13723
25950
2438
14439
30884
13440
8611
29891
30134
26133
21697
15634
19473
22638
5053
23371
2081
26451
2061
23709
9637
30106
18177
1959
32016
13560
19017
747
8239
8214
20920
16256
27149
23271
4680
31752
17940
27962
22109
29666
29300
2955
29518
3745
16841
25119
14369
9148
8184
5712
14742
9862
24153
29221
8040
20065
2844
28197
22223
3887
22501
3437
20041
30218
21434
16385
7834
15925
31775
16224
17681
12882
27007
6491
21262
11733
6862
23846
14017
21176
9325
7856
308
18289
17998
17456
19852
4385
11608
20992
11660
24078
25613
10415
16218
21587
13930
26962
20614
14550
3342
29722
12872
635
927
13612
8969
11671
15978
13228
28965
25512
17225
5915
15088
19267
22986
5860
28663
5197
13965
2097
30600
5230
30190
32259
8308
1987
10724
12162
15891
18899
32553
6290
5769
6853
15772
2214
1608
17616
10211
5081
31958
13810
32340
6715
14033
25061
10518
22888
22832
79
19843
15456
20939
31545
21201
23954
8478
8642
6642
28474
29001
29460
27832
32237
7772
5528
26685
16754
5074
20070
26242
28628
9051
3328
11094
18101
14559
24383
22650
16101
4031
24973
27906
7732
19806
32597
21502
23428
9440
6072
18010
2338
26673
23170
1027
14678
10825
29020
10315
4408
22191
18755
7567
32198
25148
4152
29719
16180
31010
15161
8253
16003
20013
10353
25554
24917
28488
12716
26301
20480
17218
17165
17125
25057
5330
18947
1874
9203
20185
4217
30351
11679
19944
22605
1106
14294
27394
19204
22110
10846
9123
4540
19625
4969
768
10593
21690
15724
12433
18212
3158
22318
18381
24873
30555
25120
23861
12160
19692
23276
21651
14679
8142
20560
27780
17006
26130
23597
9012
11467
9205
13019
22633
8878
15876
15552
20675
7367
13956
28193
32322
6311
23056
20791
12808
4981
8068
30342
7008
7394
16154
16234
14336
5726
17619
14067
6539
29325
8729
27890
9306
2292
674
1876
11132
20985
26775
32175
3579
7946
21494
13083
14689
8988
31029
25155
13691
24407
19240
4028
7517
18447
23588
30357
10662
13815
23141
9007
12294
30609
11181
12366
15357
5865
27694
23153
9445
10115
21674
23903
17714
12434
19417
20483
14073
1898
9995
29305
14767
11832
24078
8809
9524
2801
13906
27028
3599
2696
10571
23212
32508
1124
2583
12393
27556
29201
11873
25305
16555
20278
7813
9976
13551
13767
4340
3200
16399
2683
13531
11778
23083
19841
4095
10038
26859
25455
29675
17808
32195
27259
20046
10003
18805
28653
22687
15210
26839
6612
27394
23349
28374
6392
30319
27041
20411
30481
27153
13371
4525
5430
2028
1286
26231
28312
27843
6858
4748
29552
20281
31664
17736
4150
14902
22028
18041
13588
18060
25466
7454
29082
6107
556
4975
30899
8370
30850
15389
8408
29174
5851
23770
13443
6536
11180
25116
9959
21538
32207
16414
222
5762
16669
25896
6691
12747
14654
8465
29377
5928
32448
9730
16587
32434
6759
1660
1614
30100
27332
21661
17284
5996
2057
18079
6474
30453
6684
1185
28628
31204
21738
938
30112
11279
3838
4587
2728
19924
9810
30788
27612
8633
10085
21770
13007
15696
27277
5128
32177
24926
7055
10179
21373
7483
24429
26627
6259
16764
3199
14734
9929
26064
10437
25399
24478
1576
8828
13335
18479
31515
30447
24347
1869
20872
15248
12223
22287
17789
15687
31768
16068
25687
10762
30744
10539
6699
30894
19982
10983
11877
765
8300
3373
29615
1544
22733
28864
12053
31935
26678
7455
31334
2238
23708
20476
9693
23914
28583
8433
23808
24893
29366
19823
4809
31070
15395
247
30980
13173
31176
28044
1784
16829
3266
18536
21321
32091
21108
32494
17693
25326
32463
14304
24702
15719
27601
29906
12800
29467
588
26590
7587
10518
8169
20890
5370
12466
7788
31559
30861
29545
24634
8523
10365
20712
1560
25058
2150
9060
12853
1040
31369
24113
31851
10970
5675
31377
31682
18613
7480
9930
2358
26431
29996
27515
8122
5933
10035
15151
32124
7300
11151
8243
27243
11021
1083
31909
18423
18178
27342
4302
19991
7694
5537
15282
6545
27765
22580
10724
28534
17038
8910
26271
23019
15994
9572
787
559
3600
6588
18429
27610
19735
30931
9594
30051
5048
8059
21789
16869
18738
9800
25151
28707
3792
28845
3222
17097
22297
14179
14602
7669
32070
4618
25795
32245
28921
17427
20103
19283
18987
20701
19011
12302
22886
6942
29415
21035
2101
4997
11895
5996
7642
15006
14431
22112
15422
31221
9736
6300
10542
6270
6568
21063
14275
20020
5982
13020
26146
15105
12414
29483
870
17630
31018
17569
29147
8507
31778
17866
22893
3489
8412
8212
24160
31638
14296
13014
12353
13249
8494
28560
1308
13390
16745
19317
21743
20116
14487
27174
26975
18421
4001
26049
5546
518
20441
22554
10973
28144
14546
2376
31815
20247
2164
26468
2093
4345
2383
11149
6335
13400
23344
20527
29003
6043
10738
15493
23473
7794
18071
18781
10775
31929
22168
796
221
10399
3448
19713
31955
14343
9375
18862
2474
11566
1382
11492
31913
30350
22895
23182
18337
9731
30007
30465
22563
9005
20718
19586
30448
23829
902
10760
15281
16147
29706
8004
26857
27887
13617
14815
17447
2630
16179
10243
16000
4399
31707
25628
316
31775
22749
19936
13008
18186
21611
21645
2061
3019
14339
5745
30102
15814
30091
6576
5527
18636
23199
578
5556
5951
3626
26939
16704
17270
3123
14671
31664
30818
5114
13461
16207
17778
15428
1931
29747
27061
8691
3419
13167
23103
25817
10588
19082
1997
26318
23004
4912
10156
256
26653
29480
982
9099
22941
6278
5727
4938
1690
17954
29711
14828
31190
17480
19025
15434
32152
18865
29771
19191
31219
28850
27471
24857
2122
3252
5746
25976
24596
29668
15738
25045
221
4396
8958
17533
15757
21089
2504
24606
3309
18110
10622
7640
17255
401
22146
5527
6670
5428
24854
161
9950
14911
28612
14955
10820
30460
22781
17329
21985
23323
16384
31685
28811
9127
30973
1064
31636
23353
30842
599
15695
19052
20983
13287
21713
19600
2509
2260
15093
23715
15964
14359
21667
28285
27749
630
31313
26698
21173
6048
6345
20541
14596
20857
20269
643
7708
14771
11833
886
4414
3486
31945
16916
15041
13377
9627
24239
22524
23209
12885
18917
11878
10881
30666
20435
14844
20195
22393
25478
6883
15214
14934
16050
1615
27033
10446
10663
16035
70
9221
32640
22234
6555
9314
17054
17701
6925
24909
21845
2261
21437
17975
10980
26492
21768
14555
1195
1359
14681
5316
3992
23759
19778
16
30179
22953
20172
32115
14587
6874
14091
24447
26560
8214
16885
290
1266
26219
10356
26480
12777
14370
16569
12450
29063
13286
30932
29791
5996
20264
24449
31035
14184
22465
12101
25470
10550
14553
4026
16678
29799
1800
295
5935
14492
6076
9812
21521
26104
10203
24733
19339
22997
21929
29252
8095
13238
29163
6924
15070
30333
27725
25347
16357
18911
24321
1951
4648
28692
32169
16140
23534
17363
27511
17861
13725
21117
15506
27234
21048
26265
9916
2992
21798
5760
9523
15623
13621
11097
5076
1240
20702
29768
1414
27014
6091
23011
22998
16503
28054
17894
21983
29546
10708
13095
17517
12299
22866
31180
24930
13764
9374
11195
5208
13783
32713
5458
16007
31146
1900
13913
8169
17249
12009
18228
6045
7346
9203
7773
17290
2037
2897
2578
17220
18299
31454
29259
8755
12065
21717
22255
11506
13349
26699
32327
13813
12088
31485
26547
3439
1236
8268
22172
12402
10191
390
2473
29528
10801
31591
29238
11107
20547
13536
2
7072
23016
4886
21799
10513
30256
11950
30288
6666
5419
11848
19238
25820
3067
10825
779
20913
16173
32222
12811
29623
18250
10558
14863
15745
17320
10543
21588
13482
20358
26571
20252
2235
19800
10884
21412
4430
31840
8550
18517
30580
3198
31644
9022
3669
9289
9526
16578
7958
3422
4649
4750
11264
31481
14999
15055
28382
7874
11345
26529
5798
32745
21915
714
2140
18548
27951
2472
10036
31960
7044
8552
26615
20935
18767
15225
13223
5194
14155
24128
23910
22543
17205
26126
12180
24580
32283
21071
21560
29989
30679
29444
7329
8081
25559
2675
27725
30180
31519
14108
19209
30401
16272
14832
25178
8366
1130
27838
27164
15397
24592
31982
18537
3047
27403
15985
26812
22420
28754
11000
3670
1145
29384
24932
9697
12457
11271
14718
23124
1103
26716
16361
28950
11586
25618
11861
12646
14554
3572
13300
23290
16387
21261
8754
28646
6543
22450
20897
21952
1745
16835
21298
4610
3687
30765
16811
9647
31063
31667
18261
19514
9822
15599
11253
8611
10116
5011
32510
29667
24052
15093
12805
17290
2059
30667
14197
14247
30127
19250
31108
2280
22242
22262
15718
10242
22678
22285
18112
9043
963
21604
20319
4038
4792
29919
10026
30968
12463
3227
4181
7321
22435
21622
11224
29972
16486
27089
2592
22386
6382
31636
13316
10363
29935
18547
16378
27935
11440
21104
18315
14869
7703
27553
20740
18114
1029
52
367
10076
22506
16816
10945
29263
29072
6013
2645
21728
22843
30887
19353
23312
32756
4831
8968
28355
21026
25283
5464
21025
22618
8543
16116
6461
23160
10995
12204
26356
14575
17142
11947
28953
28765
22876
31402
4047
31587
13589
23140
23605
1715
10198
4426
8777
11114
12059
3191
10758
9121
9837
23526
7120
11582
28384
19427
1042
3856
12257
12991
14886
29724
5422
18120
11893
4401
11814
4216
25567
18627
21059
19693
6237
16630
12005
21657
24804
8184
25169
23099
15501
25236
18425
5646
25332
260
23038
12608
20957
22023
19443
1445
24094
31796
17124
1453
19385
5518
20118
24724
12616
12632
2065
14040
10910
17451
31068
29424
7851
26181
12936
6715
7328
19492
12271
10807
5204
11604
30142
22003
28134
3461
1201
14279
17573
7136
3102
19266
18732
7323
32053
17252
3793
4299
25478
4365
18497
4218
9924
11702
14180
2810
6600
32351
21639
24952
31448
25288
28857
4052
18730
17636
22389
22449
5028
15499
13186
8648
9446
7023
15128
2433
12426
30033
26436
18116
26026
30837
14989
27148
2723
10835
23256
7870
1561
23695
649
26554
31036
28203
3307
2607
20297
11516
8658
6835
26195
27482
17535
24723
13635
7708
18883
871
4894
5828
31080
14058
902
11766
24268
22793
11396
29231
3279
13882
22916
11955
22767
26639
12193
24263
20914
523
30499
24865
29765
180
7750
32669
25954
12009
22846
7985
12662
30070
887
11299
22532
18662
9761
5753
9796
10649
18412
29362
9489
27158
27152
4787
7682
12193
22161
11012
31702
24849
9153
22588
2581
30684
4358
6330
22516
26484
8413
3734
17017
3798
5151
7639
27105
26719
10884
15079
5695
27618
19557
32068
20325
22265
454
19063
11271
20376
23187
11594
7198
5352
11306
11574
12939
12882
18458
14875
12797
26841
4138
52
24852
17070
2974
14409
27079
1278
25013
18470
18435
29711
23926
18253
2964
7563
24236
15336
29001
7452
23600
9217
5971
3896
23398
7925
20719
9791
266
19238
23877
5571
7981
11249
1423
18470
25722
11232
26237
4715
4286
3872
26840
23110
21160
27189
11623
25205
13005
28908
28687
12627
12270
12689
9789
17835
28798
4195
23689
3530
11615
5957
6035
21720
14829
28086
15409
6760
19773
3331
17101
2125
28838
1211
14856
31407
14209
25444
23715
20063
9262
5996
16032
26984
24152
23651
21924
12775
7801
2151
24736
26396
29344
19935
29360
4288
16498
17772
9540
30873
10350
21532
13693
25165
11894
16865
4314
30068
19339
5186
5395
3568
19673
337
1861
26241
9203
3805
1616
20884
3167
12776
31869
29788
10837
603
21605
14372
1732
22265
29966
26084
3222
23954
18774
8210
27445
889
22165
11962
590
16952
9854
20945
15061
9345
2118
3527
29001
5992
27913
9819
21817
23504
25449
15283
25095
11299
30328
15788
21740
27207
29656
10607
17468
27085
23840
17733
15339
10859
2178
20140
849
5804
13483
20138
28714
6886
5099
2145
27361
10349
4758
13796
2062
30982
23722
1865
23357
9886
26289
6143
26353
27452
32233
20066
19944
7477
9123
22925
10657
15263
14313
16751
10780
7943
14179
15650
25313
8807
4220
17271
26947
22610
21440
2518
10214
8306
17288
25925
2943
12596
1754
16838
27867
27074
907
9190
23587
50
9126
26771
12638
24572
2578
14126
1591
19634
31342
23009
32000
7403
30784
28723
30968
8577
24911
12249
11209
3324
1869
10191
7253
28493
3257
14760
2738
6592
2308
15651
21875
32556
14323
510
17450
25708
14404
9231
23339
29971
7572
26000
7314
4188
22912
955
23175
25184
16395
14743
32448
7564
11071
25873
27464
26705
536
590
22655
21277
9885
28992
21603
27275
3920
14711
18189
14807
4040
16442
8318
20884
5277
9431
5020
9889
22148
14135
632
23897
18619
15541
32722
21770
18088
30512
2527
1960
17597
8799
25162
4547
2206
23397
10104
30391
11398
9894
4880
29987
29159
2008
443
32668
10064
24669
10280
11682
9620
2000
6484
14546
10281
21214
520
23134
1230
31831
15779
7355
1648
9348
10265
30105
28495
23228
20796
15384
26205
25906
30010
20281
21478
15121
24167
146
29046
25803
5181
5959
4344
13997
31649
32565
24347
6584
19560
30832
9466
22188
26
23280
19707
5989
7670
17031
12023
4714
2102
14102
26524
5316
11924
9473
16144
24076
18956
14816
25303
712
1508
31096
30455
18680
14826
7913
16986
13035
6653
7720
31347
11351
32462
22960
29221
3497
11240
24693
12256
27034
14062
18458
12045
22787
29732
30563
20652
14578
3121
29933
16187
3837
7972
3613
18906
2006
6324
27222
31406
17440
6604
24175
27779
26497
6983
5220
9141
7673
11768
23371
28240
2930
31725
13194
3958
22936
28404
27464
14849
22506
8287
24353
7786
25105
30213
13086
4074
113
4233
6116
1246
30463
28383
28715
30320
13906
27403
27250
25460
25340
29740
25329
31376
26394
10682
8656
12192
16938
15372
18838
16472
2845
13853
2532
27691
22701
5263
27235
25452
1009
19952
16891
12724
31023
12349
11846
10115
2801
14244
8004
1834
31579
17038
19280
30952
12219
18141
8018
2643
16994
27762
32567
15609
26291
12531
27294
26696
21369
30923
22996
29355
10110
12658
26371
9718
31833
26862
6054
8964
7047
32410
23104
14494
2493
20774
3150
8607
23677
3551
7290
28246
3560
1328
7441
7468
17107
10345
23223
9863
14108
5312
19290
32750
17470
20374
26980
23149
13860
6139
20277
8251
25147
29043
9936
30106
13515
19450
16852
16639
10375
27975
28079
32371
23651
32590
22542
25145
15269
26632
6039
3761
27711
20086
11483
24956
30556
28900
3974
7137
24633
12395
7129
27247
7478
30137
29787
4068
10029
21269
11211
14158
4866
1949
19288
12656
27003
18386
2325
8551
12626
28503
17063
23694
24457
32758
4160
414
8702
4580
978
2842
14399
6470
26748
24810
20127
9459
5705
11589
3978
31356
11801
30933
24341
13162
20959
21014
29913
16326
11533
1024
18434
29151
24909
8165
419
30535
11122
24220
26957
25375
21678
7391
32735
11668
17413
30450
15519
19626
17409
18309
8330
19001
20648
3548
5097
31540
427
32557
16933
15409
25824
18250
26588
22310
23794
15487
18228
30321
22616
2750
13936
18716
29827
6649
31937
15454
24924
13264
29022
28261
6381
11372
4310
15954
16222
4779
31909
7558
16164
11133
6406
1564
30069
15502
15625
15030
767
27173
10469
13181
5337
11340
13967
23651
14778
7985
30860
2220
5993
13004
15107
16300
5236
32194
6934
18130
18981
14217
10354
3301
21170
7629
17701
23182
18356
18707
14257
27671
1242
13469
9054
22642
735
32141
23252
27005
24249
7501
16616
18820
24852
9005
11191
10759
6654
12622
32241
18366
25828
16576
27256
28635
26813
28903
5674
27279
26757
26147
3066
28367
30701
31663
14150
856
26705
19658
22629
28913
490
22805
10111
10736
23877
18493
6561
19199
28915
4313
31760
6432
10115
1686
23006
8431
4525
5009
24508
23335
2256
8452
12815
31336
21919
29477
26950
17976
12054
31819
10346
10055
9652
27475
502
18679
20196
31042
7914
29723
17596
14891
23579
1791
19945
30036
20941
11946
16874
18580
31107
17759
32125
6911
26134
31338
31575
8902
16901
10009
25880
600
2060
29960
12414
16589
10744
14753
7385
8581
6585
10980
9407
7948
26809
20836
14336
3393
29036
23442
20956
9912
16169
13886
16244
2396
10296
3675
10879
26201
20012
8195
15422
26937
30834
30395
27826
6732
32043
759
21004
16462
11319
10465
1125
1348
28818
11350
27055
25255
7140
7729
32236
6340
4179
11981
27550
13667
15516
2501
2174
28071
7778
7934
2672
20277
16070
31976
2231
3224
23863
8192
7525
26853
15499
23450
15126
1690
17999
16349
2782
7628
30812
8463
26240
23938
20651
9235
17121
31836
11115
29743
7868
15480
18256
1555
18838
26261
25645
3095
5877
121
12229
32709
20941
17041
29919
25751
1083
4312
16536
10241
26485
31481
29181
17074
4098
1976
26585
32536
10790
20366
16588
2338
23201
10899
24989
11081
6041
30114
13777
23761
3540
12983
24189
1356
26154
2203
17240
6497
32570
26052
14868
29899
28509
19062
14319
5540
25304
32303
16773
7396
10838
13378
3304
14373
3477
25538
2546
22697
13919
22177
17626
23453
18364
13337
22278
1951
30054
2635
23072
895
12157
6951
4460
10818
13948
28811
15705
24685
11116
31663
19798
20096
28759
17344
25574
9408
27904
26571
24823
19513
3025
30685
26224
10500
789
26985
2825
20934
15975
10985
12127
24697
31850
6856
10568
16495
29883
25984
14691
7571
6692
3840
32500
22771
19731
11088
24047
9851
4682
2679
2899
14339
8663
23453
13241
6541
25159
2925
28717
8903
9239
25021
32060
8664
12651
8817
26702
9048
1538
13724
10039
31648
17258
6889
19976
30021
13680
11322
22315
18655
31451
29582
12719
16911
9818
6184
2528
13760
27578
9966
27
11692
11612
14863
16864
27938
32231
17384
14633
13063
27194
297
17914
23836
8101
22067
13882
20606
16984
7109
28609
19315
2075
7896
178
1123
27456
22471
2571
14885
2518
7347
14458
6525
1312
21286
16243
7138
30022
25846
2687
17284
17737
31853
6359
22669
2876
19366
14129
2983
12466
25402
3034
8639
32627
23581
10501
3337
26227
22722
6499
5957
2820
8582
6899
320
31306
24651
31772
15261
3823
16227
20217
7381
24345
28593
26356
14461
18073
23050
21654
15304
24934
32737
21405
29516
2633
20260
24399
24073
12761
28001
24847
29095
8618
15917
11566
29695
32706
10438
16899
3549
9804
24823
32062
31492
9105
14140
15225
31603
30243
13351
5648
27111
22875
770
13107
7073
13830
28598
23609
28009
2908
31724
20023
8659
25650
20337
30930
29889
11376
2015
8017
2089
31428
11130
4087
3609
8856
17240
25999
21496
8770
24773
1864
4878
16763
4581
23235
10823
29715
2459
23659
9523
21731
32426
4613
13394
19714
1562
2951
31375
15164
27870
26158
21514
12223
21683
1483
31258
4120
6219
30814
10387
14174
15019
14309
10308
26285
26066
15990
25284
6614
15515
8332
25455
5205
996
8607
27051
14980
26352
30455
28784
2830
23306
11457
20231
19621
26219
24931
22289
17400
20062
19213
5068
1503
28834
15248
3730
14809
19472
5748
15522
24761
31869
27972
31267
29596
11746
13869
13926
28446
19131
20680
13676
7886
27052
19763
2728
15583
15978
10598
12549
14880
4569
30916
25643
16942
1394
10737
7934
20455
9704
24292
25448
26147
4363
2877
12121
16543
13036
19672
17164
4410
24130
12962
7307
7524
17420
26027
19573
20435
3704
26749
2047
4727
8964
24749
7225
1201
20451
7855
9875
25024
26786
22510
13983
11132
5643
18204
15640
27974
23882
9927
27684
11071
8782
14894
27862
20920
10610
22610
3575
14570
23645
11600
20486
4327
22054
9709
29309
18897
31420
14707
26198
19530
7558
1468
18894
5675
31558
29068
20841
3961
2883
18724
16950
11157
27559
2323
24916
10930
27942
19280
31925
3980
480
2694
28962
7512
5001
12207
20863
29174
1223
7652
4945
4206
25051
12403
25725
28570
1156
24371
3666
24864
12064
32020
2506
25764
25365
17658
10509
15163
30319
10444
31287
20258
11467
5831
18267
17328
22387
10521
22472
16777
16586
29611
22155
21269
26347
25662
565
25904
18829
26809
2526
16419
20266
20417
15209
3283
1376
6027
26378
14905
16535
7918
7174
22290
24292
27837
8890
13272
12845
339
22495
24816
21902
26223
19724
23845
29180
28995
21116
2133
13864
27335
19986
11882
1446
4691
922
16012
9039
11885
12882
662
23268
8160
11177
27334
28148
11022
18246
16824
18431
27526
22604
23701
15835
9689
2013
7048
23639
27562
14557
20081
2591
17925
22776
20958
223
23026
17126
30775
25003
15177
5613
4920
26783
25031
9896
12708
962
29794
27912
25912
20784
24282
5016
9438
18553
26001
3077
7972
4932
11164
19677
4332
22840
24346
7319
29797
796
32708
3540
7226
14652
29638
4324
3849
8463
24270
16012
14102
7704
28514
16390
14913
6666
5750
30794
3637
6191
23870
21132
7395
6154
19777
23046
3375
2876
7855
32503
1000
25252
8436
11500
28926
30410
4493
5694
15599
20350
21786
22748
27267
3772
18101
24650
185
723
4483
10474
20737
9158
18568
18555
28075
32755
12480
24543
25760
23538
29035
23073
4688
2496
7848
7350
8427
15133
21061
3331
2004
21298
18134
3872
8019
31607
10500
25052
7306
32724
4904
31745
2474
13831
26393
20185
3686
29765
31297
4592
7336
23332
18423
31772
21891
30392
7689
3515
14954
31484
30615
20540
32415
8052
31272
12001
3309
24081
18679
19650
5530
6485
8846
31766
14488
28087
31894
15022
8187
12873
4590
22466
7856
27800
5882
9968
10091
15316
2110
25730
12257
32561
18219
12016
21560
15244
31032
14757
20155
1106
23861
7430
6099
27550
2780
26545
16946
15777
20650
21762
26450
2887
9197
19676
14366
18455
22301
4262
1519
32604
2671
14739
22457
25730
2728
27687
24455
17090
4655
25847
25636
4098
8295
17072
29467
9974
23355
12634
28386
27788
12027
23262
19795
25735
8294
16582
6747
31081
1288
25413
4854
31639
5574
22903
27739
7096
4023
16105
7027
25694
22325
6748
12432
30440
20788
8646
7004
4007
26323
32666
27408
5439
26417
32073
24294
14160
15234
14089
23248
24662
8546
15573
5226
32462
24424
17589
3117
27035
10239
21055
9958
25511
7793
30558
31591
717
12869
4690
10365
32247
17611
11512
18210
9859
19701
24908
19699
4332
28008
26412
29412
12454
12499
12127
29746
27465
24704
12245
14745
26354
10537
17712
17608
6118
524
19844
28690
20857
2625
24667
22118
24111
20556
18429
30593
25376
14319
8174
27746
4769
29250
15543
16382
29216
15365
16617
16438
14160
22068
864
23302
135
27868
10949
23551
27748
24622
8790
7671
21684
9169
19434
1279
12438
10365
4911
21653
25054
966
17975
13851
29112
18997
22323
904
142
20381
27518
10846
27947
16812
23517
15068
30496
20673
2565
30580
24678
23293
12125
30847
21062
19869
2310
14384
2422
12423
1305
6854
3461
4130
21807
18182
30584
14699
2599
25321
2998
31814
7459
2194
11041
26641
2516
1922
24454
13951
24056
17935
1847
22692
25120
22290
25590
23116
16311
6113
4373
3985
18496
27261
9436
16557
16863
24588
299
18444
23835
26505
5984
22182
14306
21690
9083
21131
4557
21346
8833
959
5542
6841
2078
841
23592
29977
30605
8327
3077
28666
957
12484
15150
18464
15020
32012
30030
26131
23
16959
2967
32464
31574
30565
4546
11454
7298
20033
11345
5347
31960
8745
5144
27736
7778
18709
29435
29178
20180
31477
32249
12387
12724
17224
28778
7193
13757
12522
19588
25092
31110
14381
1316
31270
25439
31532
29900
21126
28795
27740
17895
9837
32597
32612
12373
21973
6476
23599
12323
20767
32656
18495
6554
27908
32578
14916
11900
13006
20695
19437
6282
200
1726
32254
27977
3827
20290
675
7942
11258
3505
515
32536
18024
3774
3353
13669
5657
23588
12991
20776
31214
29580
27404
22257
24005
25777
19680
28653
15529
6850
16829
7783
4933
21768
11225
7055
22175
4808
12913
17018
17155
30315
10335
11371
5948
25564
16623
25169
4107
24114
1775
18320
14289
26767
18949
8708
24207
28231
30278
25411
19984
30277
2563
5923
3685
9643
7654
7037
20114
21945
13118
1328
17799
16624
15512
22120
8018
2935
5263
27168
19090
10941
22245
14565
14895
28768
20434
23261
28488
15438
30107
27401
24429
6698
8295
12231
2831
19953
29775
11419
22580
5085
12724
302
1391
6025
24533
14743
18704
26199
1440
29658
28824
24847
25801
32430
5232
28872
27418
21892
13274
780
19978
7620
19751
4407
1168
2394
17963
14112
4921
17009
14574
7419
24185
17534
30884
14462
30526
18049
25311
10563
5579
6792
20740
13422
14020
9844
15867
9103
3717
23039
29739
2762
18104
17918
22438
14901
14887
14564
8352
24193
8910
1160
6694
5341
28213
20776
14605
30231
11261
8621
7976
23812
19128
27952
24254
27683
5886
29118
4666
5757
12477
9304
7205
12239
27344
25150
9042
18411
18643
18286
8024
21852
3894
20071
2373
29513
6545
7474
1169
13980
27447
9123
5201
24162
11790
28381
12461
25461
5022
22036
20628
11097
19559
25751
15279
25189
2424
9485
14483
16675
15421
12798
27450
16633
2201
12182
30644
1032
7476
4774
15642
29780
26135
22764
15556
24101
19830
5780
443
2478
32460
31998
7281
6125
24622
16066
1712
9938
13784
29938
977
163
9229
27039
20782
23199
798
27550
15066
26338
14792
3979
26767
15752
4546
527
30439
24853
14999
20319
12495
25109
28338
17413
32057
26111
28343
19171
21778
5471
18202
27765
21876
13620
5098
21334
16924
28567
14061
31238
3102
3998
13298
26090
12503
13440
10083
5012
1316
16378
2842
30789
16593
1009
15733
15536
24149
29528
32429
5377
8892
23124
22627
23070
25060
24990
9084
18477
21228
24874
8239
1622
2282
17926
21596
23498
25564
3972
9248
13828
3554
10139
22694
25679
22698
6795
2368
11400
3883
29120
6838
7461
3990
13817
18654
16502
16777
23721
28268
5419
15494
9373
32524
28695
12965
9696
26542
11059
29573
6364
18721
17894
7048
6337
16612
23171
17216
25899
13369
3348
17188
26367
20858
22358
24456
31893
15280
22020
28876
20765
5218
31576
23507
17211
22443
19152
28342
7925
16015
558
30138
11983
7055
21442
7296
26676
25979
5611
28540
14104
25736
3036
4520
11484
13731
11164
31354
5746
6148
1360
20499
15809
14597
12221
12729
23115
29237
24073
1671
29965
11688
705
9315
17318
25746
9249
25393
16060
27668
17807
28742
30620
1110
2664
30240
28960
24022
30207
27732
32726
2304
27875
9159
30046
1022
23393
25377
6932
23249
9546
10111000
16368
3489
17143
23913
23978
12625
12169
9731
6433
32343
3189
31879
8701
16843
7745
20466
13715
25789
1672
25854
18698
32204
24388
5201
7868
8436
6989
14580
19167
25000
20508
25350
27493
15137000
19669000
